MergeSort: 7.2365 ms, 400000 bytes
QuickSort: 4.12029 ms, 0 bytes
Sort: 3.98594 ms, 0 bytes (raw: 400000, copy baseline: 400000)
