MergeSort: 0.04076 ms, 4000 bytes
QuickSort: 0.04359 ms, 0 bytes
Sort: 0.00612 ms, 0 bytes (raw: 4000, copy baseline: 4000)
