MergeSort: 3.19976 ms, 400000 bytes
QuickSort: 2163.43 ms, 0 bytes
Sort: 0.572463 ms, 0 bytes (raw: 400000, copy baseline: 400000)
