MergeSort: 0.03804 ms, 4000 bytes
QuickSort: 0.325662 ms, 0 bytes
Sort: 0.00605 ms, 0 bytes (raw: 4000, copy baseline: 4000)
