MergeSort: 0.06111 ms, 4000 bytes
QuickSort: 0.02732 ms, 0 bytes
Sort: 0.026151 ms, 0 bytes (raw: 4000, copy baseline: 4000)
