MergeSort: 0.03121 ms, 4000 bytes
QuickSort: 0.256571 ms, 0 bytes
Sort: 0.00453 ms, 0 bytes (raw: 4000, copy baseline: 4000)
