MergeSort: 0.062881 ms, 4000 bytes
QuickSort: 0.0502 ms, 0 bytes
Sort: 0.01915 ms, 0 bytes (raw: 4000, copy baseline: 4000)
