MergeSort: 0.03711 ms, 4000 bytes
QuickSort: 0.301542 ms, 0 bytes
Sort: 0.00544 ms, 0 bytes (raw: 4000, copy baseline: 4000)
