MergeSort: 3.21714 ms, 400000 bytes
QuickSort: 217.242 ms, 0 bytes
Sort: 0.614263 ms, 0 bytes (raw: 400000, copy baseline: 400000)
