MergeSort: 2.99523 ms, 400000 bytes
QuickSort: 222.041 ms, 0 bytes
Sort: 0.625523 ms, 0 bytes (raw: 400000, copy baseline: 400000)
