MergeSort: 0.03791 ms, 4000 bytes
QuickSort: 0.041511 ms, 0 bytes
Sort: 0.00633 ms, 0 bytes (raw: 4000, copy baseline: 4000)
