MergeSort: 0.04714 ms, 4000 bytes
QuickSort: 0.04311 ms, 0 bytes
Sort: 0.0145 ms, 0 bytes (raw: 4000, copy baseline: 4000)
