MergeSort: 3.46866 ms, 400000 bytes
QuickSort: 221.753 ms, 0 bytes
Sort: 0.676753 ms, 0 bytes (raw: 400000, copy baseline: 400000)
