MergeSort: 0.0269 ms, 4000 bytes
QuickSort: 0.236611 ms, 0 bytes
Sort: 0.00302 ms, 0 bytes (raw: 4000, copy baseline: 4000)
