MergeSort: 0.02832 ms, 4000 bytes
QuickSort: 0.259791 ms, 0 bytes
Sort: 0.00324 ms, 0 bytes (raw: 4000, copy baseline: 4000)
