MergeSort: 0.03186 ms, 4000 bytes
QuickSort: 0.03521 ms, 0 bytes
Sort: 0.00521 ms, 0 bytes (raw: 4000, copy baseline: 4000)
