MergeSort: 3.01808 ms, 400000 bytes
QuickSort: 2151.74 ms, 0 bytes
Sort: 0.719494 ms, 0 bytes (raw: 400000, copy baseline: 400000)
