MergeSort: 2.89367 ms, 400000 bytes
QuickSort: 2155.57 ms, 0 bytes
Sort: 0.534273 ms, 0 bytes (raw: 400000, copy baseline: 400000)
