MergeSort: 0.033481 ms, 4000 bytes
QuickSort: 0.03518 ms, 0 bytes
Sort: 0.00674 ms, 0 bytes (raw: 4000, copy baseline: 4000)
