MergeSort: 0.09628 ms, 4000 bytes
QuickSort: 0.04029 ms, 0 bytes
Sort: 0.03171 ms, 0 bytes (raw: 4000, copy baseline: 4000)
