MergeSort: 0.02798 ms, 4000 bytes
QuickSort: 0.03086 ms, 0 bytes
Sort: 0.0046 ms, 0 bytes (raw: 4000, copy baseline: 4000)
