MergeSort: 0.08837 ms, 4000 bytes
QuickSort: 0.079941 ms, 0 bytes
Sort: 0.02184 ms, 0 bytes (raw: 4000, copy baseline: 4000)
