MergeSort: 3.16793 ms, 400000 bytes
QuickSort: 216.677 ms, 0 bytes
Sort: 0.610693 ms, 0 bytes (raw: 400000, copy baseline: 400000)
