MergeSort: 0.069011 ms, 4000 bytes
QuickSort: 0.03594 ms, 0 bytes
Sort: 0.03332 ms, 0 bytes (raw: 4000, copy baseline: 4000)
