MergeSort: 0.0285 ms, 4000 bytes
QuickSort: 0.251471 ms, 0 bytes
Sort: 0.00315 ms, 0 bytes (raw: 4000, copy baseline: 4000)
