MergeSort: 0.00118 ms, 40 bytes
QuickSort: 0.00022 ms, 0 bytes
Sort: 0.0002 ms, 0 bytes (raw: 40, copy baseline: 40)
