MergeSort: 0.00122 ms, 40 bytes
QuickSort: 0.00019 ms, 0 bytes
Sort: 0.00013 ms, 0 bytes (raw: 40, copy baseline: 40)
