MergeSort: 0.00085 ms, 40 bytes
QuickSort: 0.00022 ms, 0 bytes
Sort: 0.00025 ms, 0 bytes (raw: 40, copy baseline: 40)
