MergeSort: 0.00073 ms, 40 bytes
QuickSort: 0.00018 ms, 0 bytes
Sort: 0.00021 ms, 0 bytes (raw: 40, copy baseline: 40)
