MergeSort: 0.00135 ms, 40 bytes
QuickSort: 0.00037 ms, 0 bytes
Sort: 0.00035 ms, 0 bytes (raw: 40, copy baseline: 40)
