MergeSort: 0.00155 ms, 40 bytes
QuickSort: 0.00032 ms, 0 bytes
Sort: 0.00049 ms, 0 bytes (raw: 40, copy baseline: 40)
