MergeSort: 0.00078 ms, 40 bytes
QuickSort: 0.00028 ms, 0 bytes
Sort: 0.00016 ms, 0 bytes (raw: 40, copy baseline: 40)
