MergeSort: 0.00072 ms, 40 bytes
QuickSort: 0.00023 ms, 0 bytes
Sort: 0.0002 ms, 0 bytes (raw: 40, copy baseline: 40)
