MergeSort: 0.00077 ms, 40 bytes
QuickSort: 0.00026 ms, 0 bytes
Sort: 0.00023 ms, 0 bytes (raw: 40, copy baseline: 40)
