Naive: 0.00426 ms, 1472 bytes
Strassen: 1.34793 ms, 21856 bytes
