Naive: 0.00309 ms, 1472 bytes
Strassen: 1.23158 ms, 21856 bytes
