Naive: 0.00391 ms, 1472 bytes
Strassen: 1.29985 ms, 21856 bytes
