Naive: 0.00538 ms, 1472 bytes
Strassen: 1.61063 ms, 21856 bytes
