Naive: 0.00381 ms, 1472 bytes
Strassen: 1.36146 ms, 21856 bytes
