Naive: 0.00352 ms, 1472 bytes
Strassen: 1.36086 ms, 21856 bytes
