Naive: 0.00281 ms, 1472 bytes
Strassen: 1.12397 ms, 21856 bytes
