Naive: 0.00295 ms, 1472 bytes
Strassen: 1.25444 ms, 21856 bytes
