Naive: 0.006471 ms, 1472 bytes
Strassen: 1.15617 ms, 21856 bytes
