Naive: 0.00383 ms, 1472 bytes
Strassen: 1.38173 ms, 21856 bytes
