Naive: 0.003631 ms, 1472 bytes
Strassen: 1.41977 ms, 21856 bytes
