Naive: 0.00304 ms, 1472 bytes
Strassen: 1.21932 ms, 21856 bytes
