Naive: 0.00363 ms, 1472 bytes
Strassen: 1.36464 ms, 21856 bytes
