Naive: 0.00541 ms, 1472 bytes
Strassen: 1.39538 ms, 21856 bytes
