Naive: 0.00349 ms, 1472 bytes
Strassen: 1.35782 ms, 21856 bytes
